================================================================================
=== Estadísticas descriptivas: Conjunto completo ===
================================================================================

                               count                           mean                            min                            25%                            50%                            75%                            max       std
5K                        18603.0000                      1622.6213                       710.9700                      1470.5700                      1613.7370                      1751.0500                      2450.4200  203.4081
10K                       18603.0000                      1622.8212                       176.9790                      1465.1275                      1604.4980                      1746.7650                      3522.3500  221.0000
15K                       18603.0000                      1633.0325                      1059.5940                      1476.3650                      1613.4660                      1753.2805                      4695.5830  219.4345
20K                       18603.0000                      1633.2959                        70.0900                      1467.7665                      1605.7740                      1759.6265                      3009.0390  233.7201
Media                     18603.0000                       370.5925                        73.1590                       325.5525                       359.0480                       398.2500                      2069.0430   70.4352
25K                       18603.0000                      1299.9845                       610.1490                      1152.0685                      1270.2730                      1403.4360                      2545.0280  207.4932
30K                       18603.0000                      1758.5253                      1090.9400                      1517.1655                      1690.2700                      1921.6720                      6497.6700  331.1386
35K                       18603.0000                      1796.0935                       477.7800                      1537.0900                      1711.1570                      1975.2400                      7616.1400  356.0227
40K                       18603.0000                      1881.8884                        58.0410                      1593.7600                      1798.5360                      2099.4335                      4704.8400  382.8444
Meta                      18603.0000                       791.4255                       427.0880                       683.8105                       766.1940                       871.8835                      7586.0740  158.3119
rawTime_5K                     18603  2025-03-16 08:30:11.054467072  2025-03-16 07:48:19.908999936  2025-03-16 08:13:01.664999936  2025-03-16 08:32:25.603000064  2025-03-16 08:44:09.635000064  2025-03-16 09:08:01.779000064       NaN
rawTime_10K                    18603  2025-03-16 08:57:13.875674624  2025-03-16 08:05:23.049999872     2025-03-16 08:38:22.464000  2025-03-16 08:58:41.215000064  2025-03-16 09:13:01.339000064  2025-03-16 09:49:02.592999936       NaN
rawTime_15K                    18603  2025-03-16 09:24:26.908141312  2025-03-16 08:23:10.672999936  2025-03-16 09:03:46.020499968  2025-03-16 09:25:31.087000064     2025-03-16 09:41:56.672000     2025-03-16 10:32:45.088000       NaN
rawTime_20K                    18603  2025-03-16 09:51:40.204000256  2025-03-16 08:40:40.652999936  2025-03-16 09:28:53.342499840  2025-03-16 09:52:17.643000064  2025-03-16 10:11:18.429999872  2025-03-16 11:13:16.425999872       NaN
rawTime_Media                  18603  2025-03-16 09:57:50.796531712     2025-03-16 08:44:39.232000  2025-03-16 09:34:27.516499968  2025-03-16 09:58:14.312999936  2025-03-16 10:17:53.611500032     2025-03-16 11:22:11.880000       NaN
rawTime_25K                    18603  2025-03-16 10:19:30.780996608  2025-03-16 08:58:53.070000128  2025-03-16 09:54:07.730000128  2025-03-16 10:19:27.828999936     2025-03-16 10:41:31.960000  2025-03-16 11:57:18.316999936       NaN
rawTime_30K                    18603  2025-03-16 10:48:49.568814848     2025-03-16 09:18:47.100000  2025-03-16 10:20:10.135000064     2025-03-16 10:47:48.380000  2025-03-16 11:13:34.015000064  2025-03-16 12:43:15.630000128       NaN
rawTime_35K                    18603  2025-03-16 11:18:45.200966656  2025-03-16 09:42:17.230000128  2025-03-16 10:46:18.490000128  2025-03-16 11:17:05.771000064  2025-03-16 11:46:32.539500032  2025-03-16 13:26:12.238000128       NaN
rawTime_40K                    18603  2025-03-16 11:50:07.089381376  2025-03-16 09:49:23.780999936  2025-03-16 11:13:29.778999808  2025-03-16 11:47:45.657999872  2025-03-16 12:21:33.762500096     2025-03-16 14:12:49.696000       NaN
rawTime_Meta                   18603  2025-03-16 12:03:18.514890752     2025-03-16 10:16:19.068000  2025-03-16 11:24:45.330999808  2025-03-16 12:00:39.196999936  2025-03-16 12:36:03.619000064     2025-03-16 14:33:54.220000       NaN
gender                    18568.0000                         0.2515                         0.0000                         0.0000                         0.0000                         1.0000                         1.0000    0.4339
age                       18603.0000                        38.7822                         1.0157                        28.8556                        37.4100                        47.7029                        92.2327   11.6088
total_time_sec            18603.0000                     14410.2805                      9862.7280                     12735.4155                     14106.8060                     15733.2830                     23356.9930 2161.7824
pace_5K                   18603.0000                         3.1298                         2.0405                         2.8554                         3.0984                         3.4000                         7.0326    0.3910
pace_10K                  18603.0000                         3.1373                         1.4195                         2.8624                         3.1162                         3.4127                        28.2519    0.4607
pace_15K                  18603.0000                         3.1144                         1.0648                         2.8518                         3.0989                         3.3867                         4.7188    0.3987
pace_20K                  18603.0000                         3.1234                         1.6617                         2.8415                         3.1138                         3.4065                        71.3369    0.6517
pace_Media                18603.0000                         2.7753                         0.4833                         2.5110                         2.7851                         3.0717                        13.6689    0.4364
pace_25K                  18603.0000                         3.1475                         1.5717                         2.8501                         3.1489                         3.4720                         6.5558    0.4535
pace_30K                  18603.0000                         2.9318                         0.7695                         2.6019                         2.9581                         3.2956                         4.5832    0.4848
pace_35K                  18603.0000                         2.8804                         0.6565                         2.5313                         2.9220                         3.2529                        10.4651    0.5088
pace_40K                  18603.0000                         2.7624                         1.0627                         2.3816                         2.7800                         3.1372                        86.1460    0.8077
pace_Meta                 18603.0000                         2.8635                         0.2893                         2.5175                         2.8648                         3.2100                         5.1395    0.4888
inc_5K_10K                18603.0000                         0.1999                     -1723.2310                       -28.4365                        -7.3030                        16.5430                      2700.9420   67.0047
inc_10K_15K               18603.0000                        10.2113                     -1213.1030                        -6.6655                        12.0860                        31.2570                      2782.2800   67.0580
inc_15K_20K               18603.0000                         0.2634                     -2823.9520                       -21.2785                        -6.1070                        11.6370                       900.1400   68.9576
inc_20K_Media             18603.0000                     -1262.7033                     -2503.7440                     -1356.0390                     -1244.7970                     -1138.4660                      1534.4530  179.1997
inc_Media_25K             18603.0000                       929.3919                      -539.3130                       823.3880                       907.0740                      1002.1555                      2107.4720  153.3552
inc_25K_30K               18603.0000                       458.5408                      -302.6160                       357.1835                       412.8480                       511.2065                      5533.6150  163.8982
inc_30K_35K               18603.0000                        37.5682                     -4883.2900                       -15.9960                        18.3750                        72.4380                      5777.8800  158.9768
inc_35K_40K               18603.0000                        85.7949                     -4912.6980                        14.9730                        59.2410                       130.4215                      2640.0560  163.1481
inc_40K_Meta              18603.0000                     -1090.4629                     -3870.5510                     -1227.3165                     -1025.9550                      -900.8235                      5917.5430  271.0438
delta_pace_5K_pace_10K    18603.0000                         0.0075                        -4.6676                        -0.0328                         0.0149                         0.0571                        25.1045    0.2425
delta_pace_10K_pace_15K   18603.0000                        -0.0229                       -25.1397                        -0.0628                        -0.0249                         0.0132                         1.8688    0.2352
delta_pace_15K_pace_20K   18603.0000                         0.0090                        -1.4722                        -0.0218                         0.0125                         0.0442                        67.9885    0.5068
delta_pace_20K_pace_Media 18603.0000                        -0.3481                       -70.7136                        -0.3767                        -0.3251                        -0.2819                        11.0739    0.5434
delta_pace_Media_pace_25K 18603.0000                         0.3722                       -11.2309                         0.3118                         0.3668                         0.4211                         3.1742    0.1835
delta_pace_25K_pace_30K   18603.0000                        -0.2157                        -3.8247                        -0.2718                        -0.1822                        -0.1272                         1.1212    0.1569
delta_pace_30K_pace_35K   18603.0000                        -0.0515                        -2.6929                        -0.1161                        -0.0333                         0.0290                         6.9110    0.2052
delta_pace_35K_pace_40K   18603.0000                        -0.1180                        -7.0192                        -0.1905                        -0.0979                        -0.0259                        81.9453    0.6539
delta_pace_40K_pace_Meta  18603.0000                         0.1011                       -84.7871                         0.0038                         0.0962                         0.2014                         2.0030    0.6783
dist_acum_5K              18603.0000                      5000.0000                      5000.0000                      5000.0000                      5000.0000                      5000.0000                      5000.0000    0.0000
dist_acum_10K             18603.0000                     10000.0000                     10000.0000                     10000.0000                     10000.0000                     10000.0000                     10000.0000    0.0000
dist_acum_15K             18603.0000                     15000.0000                     15000.0000                     15000.0000                     15000.0000                     15000.0000                     15000.0000    0.0000
dist_acum_20K             18603.0000                     20000.0000                     20000.0000                     20000.0000                     20000.0000                     20000.0000                     20000.0000    0.0000
dist_acum_Media           18603.0000                     21000.0000                     21000.0000                     21000.0000                     21000.0000                     21000.0000                     21000.0000    0.0000
dist_acum_25K             18603.0000                     25000.0000                     25000.0000                     25000.0000                     25000.0000                     25000.0000                     25000.0000    0.0000
dist_acum_30K             18603.0000                     30000.0000                     30000.0000                     30000.0000                     30000.0000                     30000.0000                     30000.0000    0.0000
dist_acum_35K             18603.0000                     35000.0000                     35000.0000                     35000.0000                     35000.0000                     35000.0000                     35000.0000    0.0000
dist_acum_40K             18603.0000                     40000.0000                     40000.0000                     40000.0000                     40000.0000                     40000.0000                     40000.0000    0.0000
dist_acum_Meta            18603.0000                     42195.0000                     42195.0000                     42195.0000                     42195.0000                     42195.0000                     42195.0000    0.0000
time_acum_5K              18603.0000                      1622.6213                       710.9700                      1470.5700                      1613.7370                      1751.0500                      2450.4200  203.4081
time_acum_10K             18603.0000                      3245.4425                      1765.5850                      2936.6525                      3219.9330                      3496.0180                      5071.9860  419.4545
time_acum_15K             18603.0000                      4878.4750                      3102.9550                      4416.0340                      4833.7710                      5250.5760                      8338.3810  633.1196
time_acum_20K             18603.0000                      6511.7709                      4152.9350                      5889.7770                      6442.0520                      7008.4075                     10489.0740  858.9683
time_acum_Media           18603.0000                      6882.3634                      4391.5140                      6217.3620                      6801.8080                      7409.0655                     11094.1050  918.1307
time_acum_25K             18603.0000                      8182.3479                      5245.3520                      7377.1865                      8074.9290                      8813.6825                     13259.7500 1112.5834
time_acum_30K             18603.0000                      9940.8731                      6421.9440                      8893.6445                      9787.2700                     10744.0025                     16161.6800 1408.7635
time_acum_35K             18603.0000                     11736.9666                      7832.0740                     10435.9580                     11525.7150                     12739.0525                     19117.5500 1715.5515
time_acum_40K             18603.0000                     13618.8550                      8247.4410                     12038.0815                     13342.4390                     14850.9145                     22056.8840 2040.9153
time_acum_Meta            18603.0000                     14410.2805                      9862.7280                     12735.4155                     14106.8060                     15733.2830                     23356.9930 2161.7824
pace_mean_5K              18603.0000                         3.1298                         2.0405                         2.8554                         3.0984                         3.4000                         7.0326    0.3910
pace_std_5K               18603.0000                         0.0000                         0.0000                         0.0000                         0.0000                         0.0000                         0.0000    0.0000
pace_cv_5K                18603.0000                         0.0000                         0.0000                         0.0000                         0.0000                         0.0000                         0.0000    0.0000
pace_mean_10K             18603.0000                         3.1335                         1.9739                         2.8612                         3.1063                         3.4060                        15.6997    0.4097
pace_std_10K              18603.0000                         0.0333                         0.0000                         0.0108                         0.0237                         0.0419                        12.5523    0.1167
pace_cv_10K               18603.0000                         0.0107                         0.0000                         0.0034                         0.0076                         0.0136                         0.7995    0.0160
pace_mean_15K             18603.0000                         3.1272                         1.9352                         2.8577                         3.1041                         3.3975                        11.5039    0.4006
pace_std_15K              18603.0000                         0.0441                         0.0001                         0.0208                         0.0336                         0.0522                        11.8427    0.1114
pace_cv_15K               18603.0000                         0.0144                         0.0000                         0.0066                         0.0106                         0.0170                         1.0295    0.0184
pace_mean_20K             18603.0000                         3.1262                         1.9100                         2.8550                         3.1057                         3.3969                        20.5041    0.4211
pace_std_20K              18603.0000                         0.0527                         0.0012                         0.0250                         0.0381                         0.0598                        29.3486    0.2392
pace_cv_20K               18603.0000                         0.0170                         0.0005                         0.0078                         0.0121                         0.0195                         1.4314    0.0231
pace_mean_Media           18603.0000                         3.0560                         1.8585                         2.7837                         3.0406                         3.3290                        16.5279    0.4135
pace_std_Media            18603.0000                         0.1539                         0.0199                         0.1147                         0.1342                         0.1647                        27.4283    0.2302
pace_cv_Media             18603.0000                         0.0512                         0.0067                         0.0369                         0.0429                         0.0542                         1.6595    0.0324
pace_mean_25K             18603.0000                         3.0713                         1.8566                         2.7959                         3.0571                         3.3495                        14.3991    0.4152
pace_std_25K              18603.0000                         0.1536                         0.0524                         0.1185                         0.1341                         0.1593                        25.4870    0.2140
pace_cv_25K               18603.0000                         0.0509                         0.0162                         0.0378                         0.0424                         0.0521                         1.7700    0.0316
pace_mean_30K             18603.0000                         3.0513                         1.8375                         2.7689                         3.0393                         3.3420                        12.8295    0.4186
pace_std_30K              18603.0000                         0.1606                         0.0511                         0.1154                         0.1340                         0.1736                        23.9075    0.2054
pace_cv_30K               18603.0000                         0.0540                         0.0172                         0.0364                         0.0425                         0.0589                         1.8635    0.0353
pace_mean_35K             18603.0000                         3.0300                         1.8193                         2.7384                         3.0206                         3.3327                        11.6520    0.4207
pace_std_35K              18603.0000                         0.1738                         0.0528                         0.1143                         0.1392                         0.1997                        22.5794    0.2029
pace_cv_35K               18603.0000                         0.0591                         0.0169                         0.0360                         0.0450                         0.0690                         1.9378    0.0404
pace_mean_40K             18603.0000                         3.0002                         1.8061                         2.7008                         2.9941                         3.3117                        13.3407    0.4279
pace_std_40K              18603.0000                         0.1984                         0.0500                         0.1194                         0.1602                         0.2395                        25.7409    0.2790
pace_cv_40K               18603.0000                         0.0678                         0.0160                         0.0379                         0.0531                         0.0847                         1.9991    0.0480
pace_mean_Meta            18603.0000                         2.9866                         1.7944                         2.6856                         2.9825                         3.2998                        12.1425    0.4243
pace_std_Meta             18603.0000                         0.2074                         0.0564                         0.1244                         0.1712                         0.2525                        24.6831    0.2699
pace_cv_Meta              18603.0000                         0.0712                         0.0195                         0.0399                         0.0573                         0.0896                         2.0458    0.0492
fatigue_5K                18603.0000                         1.0000                         1.0000                         1.0000                         1.0000                         1.0000                         1.0000    0.0000
fatigue_10K               18603.0000                         1.0005                         0.3782                         0.9948                         1.0023                         1.0090                         1.7995    0.0193
fatigue_15K               18603.0000                         0.9960                         0.2705                         0.9883                         0.9969                         1.0056                         1.3213    0.0222
fatigue_20K               18603.0000                         0.9978                         0.3304                         0.9904                         1.0012                         1.0107                         3.4791    0.0331
fatigue_Media             18603.0000                         0.9061                         0.0377                         0.8985                         0.9184                         0.9307                         2.6588    0.0528
fatigue_25K               18603.0000                         1.0238                         0.2608                         1.0142                         1.0320                         1.0439                         1.5714    0.0420
fatigue_30K               18603.0000                         0.9581                         0.2094                         0.9342                         0.9768                         0.9995                         1.2339    0.0629
fatigue_35K               18603.0000                         0.9480                         0.2361                         0.9118                         0.9669                         0.9992                         2.3284    0.0813
fatigue_40K               18603.0000                         0.9170                         0.3117                         0.8671                         0.9313                         0.9794                         6.4574    0.1015
fatigue_Meta              18603.0000                         0.9584                         0.1070                         0.9089                         0.9643                         1.0137                         1.7589    0.0890
ratio_time_total_5K       18603.0000                         0.1132                         0.0378                         0.1096                         0.1146                         0.1180                         0.1506    0.0071
ratio_time_total_10K      18603.0000                         0.1130                         0.0146                         0.1097                         0.1142                         0.1173                         0.1650    0.0067
ratio_time_total_15K      18603.0000                         0.1137                         0.0712                         0.1109                         0.1149                         0.1177                         0.2299    0.0059
ratio_time_total_20K      18603.0000                         0.1136                         0.0058                         0.1111                         0.1145                         0.1168                         0.1588    0.0053
ratio_time_total_Media    18603.0000                         0.0257                         0.0049                         0.0249                         0.0256                         0.0261                         0.1335    0.0023
ratio_time_total_25K      18603.0000                         0.0902                         0.0529                         0.0886                         0.0905                         0.0919                         0.1371    0.0038
ratio_time_total_30K      18603.0000                         0.1216                         0.0798                         0.1180                         0.1199                         0.1233                         0.3928    0.0072
ratio_time_total_35K      18603.0000                         0.1241                         0.0445                         0.1187                         0.1216                         0.1271                         0.3611    0.0093
ratio_time_total_40K      18603.0000                         0.1300                         0.0059                         0.1217                         0.1274                         0.1355                         0.2541    0.0123
ratio_time_total_Meta     18603.0000                         0.0549                         0.0279                         0.0515                         0.0541                         0.0573                         0.3618    0.0063
PCA1                      18603.0000                         0.5080                        -4.3481                        -1.4985                         0.1725                         2.0741                        12.3844    2.6112
PCA2                      18603.0000                        -0.0134                        -3.7727                        -0.5479                        -0.1365                         0.4024                        20.5579    0.8634
PCA3                      18603.0000                         0.0253                        -9.9117                        -0.1437                         0.0512                         0.2457                        26.4222    0.5313
tiempo_total              18603.0000                     14410.2805                      9862.7280                     12735.4155                     14106.8060                     15733.2830                     23356.9930 2161.7824
pace                      18603.0000                         1.4953                         0.9033                         1.3409                         1.4956                         1.6566                         2.1391    0.2118
delta_inicio_fin          18603.0000                        -0.2662                        -4.2865                        -0.4890                        -0.2421                        -0.0138                         1.7392    0.3811
concavidad                18603.0000                         0.2214                       -10.7359                         0.1010                         0.2171                         0.3259                         2.9687    0.2346
TSNE1                     18603.0000                         7.4854                       -75.3341                       -28.4005                        11.2851                        41.8378                        89.2345   41.7104
TSNE2                     18603.0000                        -5.0558                       -80.5507                       -34.2453                        -5.3388                        23.7854                        83.6267   37.4560


================================================================================
=== Estadísticas descriptivas: Grupo seleccionado ===
================================================================================

                              count                           mean                            min                            25%                            50%                            75%                            max      std
5K                        2050.0000                      1195.8764                       882.0910                      1153.3102                      1218.5450                      1254.6485                      1359.2540  77.8378
10K                       2050.0000                      1189.3545                       522.6230                      1148.2652                      1207.4910                      1252.7877                      1315.6880  77.6890
15K                       2050.0000                      1199.8686                       890.8500                      1163.8330                      1218.2925                      1259.7337                      1339.6660  75.8327
20K                       2050.0000                      1189.9138                       879.7970                      1146.7453                      1207.7990                      1251.1333                      1344.1070  76.3620
Media                     2050.0000                       262.5861                       193.4920                       252.8590                       265.8230                       275.5170                       381.1440  17.3743
25K                       2050.0000                       933.5948                       690.9990                       903.4432                       947.8250                       977.2088                      1520.7710  59.7055
30K                       2050.0000                      1212.1765                       882.8720                      1172.2975                      1230.9100                      1269.4400                      1716.6300  77.2846
35K                       2050.0000                      1223.9893                       855.3800                      1175.9650                      1244.3400                      1277.9950                      1590.8600  81.9397
40K                       2050.0000                      1255.0909                       873.2520                      1199.8347                      1268.7750                      1309.6023                      1952.4920  96.6420
Meta                      2050.0000                       544.6987                       387.9230                       517.8692                       546.1265                       571.7102                       929.0730  45.3654
rawTime_5K                     2050  2025-03-16 07:53:17.048268032  2025-03-16 07:45:59.223000064  2025-03-16 07:50:54.754249984     2025-03-16 07:52:17.896000  2025-03-16 07:53:27.407000064     2025-03-16 08:37:05.420000      NaN
rawTime_10K                    2050  2025-03-16 08:13:06.402793216  2025-03-16 08:00:43.136999936  2025-03-16 08:10:07.251500032     2025-03-16 08:12:28.012000  2025-03-16 08:14:24.077499904     2025-03-16 08:58:20.376000      NaN
rawTime_15K                    2050  2025-03-16 08:33:06.271385344  2025-03-16 08:15:34.969999872  2025-03-16 08:29:31.057250048     2025-03-16 08:32:50.676000  2025-03-16 08:35:30.802749952  2025-03-16 09:18:46.475000064      NaN
rawTime_20K                    2050  2025-03-16 08:52:56.185225216     2025-03-16 08:30:15.800000  2025-03-16 08:48:48.629499904  2025-03-16 08:52:58.837000192  2025-03-16 08:56:24.569500160     2025-03-16 09:39:06.480000      NaN
rawTime_Media                  2050  2025-03-16 08:57:18.771353088  2025-03-16 08:33:30.820999936  2025-03-16 08:53:01.657250048  2025-03-16 08:57:26.064499968  2025-03-16 09:01:00.102000128  2025-03-16 09:43:40.519000064      NaN
rawTime_25K                    2050  2025-03-16 09:12:52.366156288     2025-03-16 08:45:02.400000     2025-03-16 09:08:07.640000  2025-03-16 09:13:09.458999808  2025-03-16 09:17:21.689999872     2025-03-16 09:59:22.540000      NaN
rawTime_30K                    2050  2025-03-16 09:33:04.542619136     2025-03-16 08:59:45.640000  2025-03-16 09:27:51.157500160  2025-03-16 09:33:44.885000192  2025-03-16 09:38:33.337500160     2025-03-16 10:19:49.800000      NaN
rawTime_35K                    2050  2025-03-16 09:53:28.531910912  2025-03-16 09:14:18.996999936  2025-03-16 09:47:36.442499840  2025-03-16 09:54:47.135000064  2025-03-16 09:59:52.352500224  2025-03-16 10:38:44.481999872      NaN
rawTime_40K                    2050  2025-03-16 10:14:23.622800896  2025-03-16 09:28:52.291000064  2025-03-16 10:07:33.966500096  2025-03-16 10:16:31.990499840  2025-03-16 10:21:46.472750080  2025-03-16 10:58:27.976999936      NaN
rawTime_Meta                   2050  2025-03-16 10:23:28.321516032  2025-03-16 09:35:29.209999872     2025-03-16 10:16:20.712000  2025-03-16 10:25:45.825500160  2025-03-16 10:31:10.698999808  2025-03-16 11:07:24.704999936      NaN
gender                    2045.0000                         0.0411                         0.0000                         0.0000                         0.0000                         0.0000                         1.0000   0.1985
age                       2050.0000                        36.7929                        18.5462                        29.7618                        35.6646                        43.1793                        71.9671   8.7207
total_time_sec            2050.0000                     10207.1496                      7453.9380                      9873.5410                     10405.8465                     10685.1735                     10982.5900 613.0578
pace_5K                   2050.0000                         4.2005                         3.6785                         3.9852                         4.1033                         4.3353                         5.6683   0.3005
pace_10K                  2050.0000                         4.2243                         3.8003                         3.9911                         4.1408                         4.3544                         9.5671   0.3188
pace_15K                  2050.0000                         4.1854                         3.7323                         3.9691                         4.1041                         4.2961                         5.6126   0.2911
pace_20K                  2050.0000                         4.2209                         3.7199                         3.9964                         4.1398                         4.3602                         5.6831   0.2961
pace_Media                2050.0000                         3.8262                         2.6237                         3.6295                         3.7619                         3.9548                         5.1682   0.2736
pace_25K                  2050.0000                         4.3032                         2.6302                         4.0933                         4.2202                         4.4275                         5.7887   0.2950
pace_30K                  2050.0000                         4.1430                         2.9127                         3.9387                         4.0620                         4.2651                         5.6633   0.2874
pace_35K                  2050.0000                         4.1048                         3.1430                         3.9124                         4.0182                         4.2518                         5.8454   0.2979
pace_40K                  2050.0000                         4.0080                         2.5608                         3.8180                         3.9408                         4.1672                         5.7257   0.3190
pace_Meta                 2050.0000                         4.0575                         2.3626                         3.8394                         4.0192                         4.2385                         5.6583   0.3388
inc_5K_10K                2050.0000                        -6.5218                      -836.6310                       -14.9975                        -5.1870                         2.8552                       157.3320  24.1722
inc_10K_15K               2050.0000                        10.5141                       -68.0420                         2.9067                         9.4925                        17.3873                       688.3010  20.3606
inc_15K_20K               2050.0000                        -9.9548                      -135.1580                       -16.5212                        -9.6070                        -2.8940                        97.8710  13.7738
inc_20K_Media             2050.0000                      -927.3277                     -1071.0210                      -975.0310                      -941.3675                      -892.9315                      -677.6780  59.9189
inc_Media_25K             2050.0000                       671.0087                       495.9930                       649.4880                       680.9690                       701.5940                      1283.1440  44.7015
inc_25K_30K               2050.0000                       278.5817                      -302.7810                       263.3128                       278.7390                       291.3415                       832.5090  34.8654
inc_30K_35K               2050.0000                        11.8128                      -481.5800                        -3.9523                         6.3950                        22.3800                       365.4000  37.9281
inc_35K_40K               2050.0000                        31.1016                      -282.2420                         6.6640                        22.7210                        42.9703                      1097.1120  54.7521
inc_40K_Meta              2050.0000                      -710.3922                     -1301.9990                      -743.1642                      -715.7250                      -674.9855                      -476.3330  60.9241
delta_pace_5K_pace_10K    2050.0000                         0.0238                        -0.5918                        -0.0103                         0.0184                         0.0522                         5.8886   0.1408
delta_pace_10K_pace_15K   2050.0000                        -0.0389                        -5.4380                        -0.0612                        -0.0337                        -0.0108                         0.2404   0.1287
delta_pace_15K_pace_20K   2050.0000                         0.0355                        -0.3310                         0.0098                         0.0341                         0.0590                         0.5041   0.0484
delta_pace_20K_pace_Media 2050.0000                        -0.3946                        -1.3423                        -0.4279                        -0.3911                        -0.3598                         0.7922   0.0740
delta_pace_Media_pace_25K 2050.0000                         0.4769                        -1.5780                         0.4459                         0.4767                         0.5087                         1.5752   0.0988
delta_pace_25K_pace_30K   2050.0000                        -0.1602                        -1.6116                        -0.1854                        -0.1458                        -0.1173                         1.4749   0.0982
delta_pace_30K_pace_35K   2050.0000                        -0.0382                        -1.0598                        -0.0747                        -0.0218                         0.0137                         2.1055   0.1232
delta_pace_35K_pace_40K   2050.0000                        -0.0968                        -3.2845                        -0.1394                        -0.0763                        -0.0219                         0.8237   0.1599
delta_pace_40K_pace_Meta  2050.0000                         0.0495                        -0.7156                        -0.0273                         0.0503                         0.1361                         1.0564   0.1489
dist_acum_5K              2050.0000                      5000.0000                      5000.0000                      5000.0000                      5000.0000                      5000.0000                      5000.0000   0.0000
dist_acum_10K             2050.0000                     10000.0000                     10000.0000                     10000.0000                     10000.0000                     10000.0000                     10000.0000   0.0000
dist_acum_15K             2050.0000                     15000.0000                     15000.0000                     15000.0000                     15000.0000                     15000.0000                     15000.0000   0.0000
dist_acum_20K             2050.0000                     20000.0000                     20000.0000                     20000.0000                     20000.0000                     20000.0000                     20000.0000   0.0000
dist_acum_Media           2050.0000                     21000.0000                     21000.0000                     21000.0000                     21000.0000                     21000.0000                     21000.0000   0.0000
dist_acum_25K             2050.0000                     25000.0000                     25000.0000                     25000.0000                     25000.0000                     25000.0000                     25000.0000   0.0000
dist_acum_30K             2050.0000                     30000.0000                     30000.0000                     30000.0000                     30000.0000                     30000.0000                     30000.0000   0.0000
dist_acum_35K             2050.0000                     35000.0000                     35000.0000                     35000.0000                     35000.0000                     35000.0000                     35000.0000   0.0000
dist_acum_40K             2050.0000                     40000.0000                     40000.0000                     40000.0000                     40000.0000                     40000.0000                     40000.0000   0.0000
dist_acum_Meta            2050.0000                     42195.0000                     42195.0000                     42195.0000                     42195.0000                     42195.0000                     42195.0000   0.0000
time_acum_5K              2050.0000                      1195.8764                       882.0910                      1153.3102                      1218.5450                      1254.6485                      1359.2540  77.8378
time_acum_10K             2050.0000                      2385.2309                      1766.0870                      2303.8850                      2424.0645                      2508.6037                      2651.3600 153.6369
time_acum_15K             2050.0000                      3585.0995                      2657.8380                      3469.6388                      3643.0380                      3769.1255                      3914.6550 228.4269
time_acum_20K             2050.0000                      4775.0133                      3539.5170                      4620.7198                      4852.4275                      5022.5363                      5194.5750 303.6639
time_acum_Media           2050.0000                      5037.5995                      3734.0190                      4875.5448                      5119.0085                      5298.5617                      5500.8320 320.2377
time_acum_25K             2050.0000                      5971.1943                      4425.9750                      5780.4710                      6063.4490                      6273.9370                      6484.8090 375.2408
time_acum_30K             2050.0000                      7183.3707                      5310.3680                      6958.2810                      7298.0565                      7535.9497                      7768.9320 445.6260
time_acum_35K             2050.0000                      8407.3600                      6183.7250                      8144.6175                      8549.8195                      8815.7280                      9062.5660 514.7392
time_acum_40K             2050.0000                      9662.4509                      7057.0190                      9352.9880                      9849.8145                     10120.6415                     10447.8700 584.0377
time_acum_Meta            2050.0000                     10207.1496                      7453.9380                      9873.5410                     10405.8465                     10685.1735                     10982.5900 613.0578
pace_mean_5K              2050.0000                         4.2005                         3.6785                         3.9852                         4.1033                         4.3353                         5.6683   0.3005
pace_std_5K               2050.0000                         0.0000                         0.0000                         0.0000                         0.0000                         0.0000                         0.0000   0.0000
pace_cv_5K                2050.0000                         0.0000                         0.0000                         0.0000                         0.0000                         0.0000                         0.0000   0.0000
pace_mean_10K             2050.0000                         4.2124                         3.7721                         3.9863                         4.1256                         4.3408                         6.6228   0.3017
pace_std_10K              2050.0000                         0.0232                         0.0000                         0.0074                         0.0175                         0.0306                         2.9443   0.0675
pace_cv_10K               2050.0000                         0.0054                         0.0000                         0.0018                         0.0042                         0.0072                         0.4446   0.0108
pace_mean_15K             2050.0000                         4.2034                         3.8321                         3.9799                         4.1176                         4.3235                         5.7916   0.2961
pace_std_15K              2050.0000                         0.0308                         0.0004                         0.0166                         0.0258                         0.0376                         2.6761   0.0619
pace_cv_15K               2050.0000                         0.0073                         0.0001                         0.0039                         0.0062                         0.0090                         0.4621   0.0111
pace_mean_20K             2050.0000                         4.2078                         3.8505                         3.9824                         4.1221                         4.3290                         5.6506   0.2949
pace_std_20K              2050.0000                         0.0344                         0.0012                         0.0203                         0.0291                         0.0403                         2.4156   0.0565
pace_cv_20K               2050.0000                         0.0081                         0.0003                         0.0048                         0.0070                         0.0096                         0.4475   0.0108
pace_mean_Media           2050.0000                         4.1315                         3.6940                         3.9126                         4.0498                         4.2504                         5.5495   0.2889
pace_std_Media            2050.0000                         0.1577                         0.0561                         0.1395                         0.1530                         0.1696                         2.2490   0.0549
pace_cv_Media             2050.0000                         0.0381                         0.0146                         0.0343                         0.0371                         0.0402                         0.4422   0.0112
pace_mean_25K             2050.0000                         4.1601                         3.7781                         3.9425                         4.0804                         4.2792                         5.5894   0.2876
pace_std_25K              2050.0000                         0.1611                         0.0787                         0.1457                         0.1560                         0.1683                         2.0754   0.0519
pace_cv_25K               2050.0000                         0.0387                         0.0187                         0.0356                         0.0375                         0.0400                         0.4193   0.0109
pace_mean_30K             2050.0000                         4.1576                         3.8097                         3.9451                         4.0782                         4.2740                         5.5994   0.2848
pace_std_30K              2050.0000                         0.1531                         0.0761                         0.1366                         0.1464                         0.1588                         1.9454   0.0521
pace_cv_30K               2050.0000                         0.0368                         0.0185                         0.0333                         0.0352                         0.0378                         0.4031   0.0113
pace_mean_35K             2050.0000                         4.1510                         3.8317                         3.9408                         4.0657                         4.2675                         5.6151   0.2816
pace_std_35K              2050.0000                         0.1511                         0.0789                         0.1299                         0.1403                         0.1560                         1.8411   0.0561
pace_cv_35K               2050.0000                         0.0364                         0.0193                         0.0318                         0.0338                         0.0372                         0.3900   0.0124
pace_mean_40K             2050.0000                         4.1351                         3.8070                         3.9286                         4.0424                         4.2555                         5.6243   0.2775
pace_std_40K              2050.0000                         0.1585                         0.0836                         0.1275                         0.1396                         0.1622                         1.7573   0.0690
pace_cv_40K               2050.0000                         0.0383                         0.0205                         0.0312                         0.0339                         0.0388                         0.3801   0.0157
pace_mean_Meta            2050.0000                         4.1274                         3.8319                         3.9245                         4.0354                         4.2500                         5.6149   0.2736
pace_std_Meta             2050.0000                         0.1651                         0.0795                         0.1269                         0.1417                         0.1715                         1.6873   0.0782
pace_cv_Meta              2050.0000                         0.0400                         0.0195                         0.0311                         0.0346                         0.0413                         0.3719   0.0182
fatigue_5K                2050.0000                         1.0000                         1.0000                         1.0000                         1.0000                         1.0000                         1.0000   0.0000
fatigue_10K               2050.0000                         1.0027                         0.9319                         0.9988                         1.0022                         1.0063                         1.4446   0.0118
fatigue_15K               2050.0000                         0.9958                         0.7129                         0.9919                         0.9963                         1.0002                         1.0424   0.0101
fatigue_20K               2050.0000                         1.0032                         0.7814                         0.9984                         1.0037                         1.0082                         1.0489   0.0104
fatigue_Media             2050.0000                         0.9261                         0.7103                         0.9209                         0.9273                         0.9329                         1.1385   0.0150
fatigue_25K               2050.0000                         1.0346                         0.6164                         1.0303                         1.0367                         1.0419                         1.1114   0.0192
fatigue_30K               2050.0000                         0.9967                         0.7078                         0.9911                         1.0015                         1.0089                         1.0550   0.0229
fatigue_35K               2050.0000                         0.9891                         0.7735                         0.9781                         0.9970                         1.0079                         1.3310   0.0330
fatigue_40K               2050.0000                         0.9695                         0.6112                         0.9521                         0.9783                         0.9983                         1.1060   0.0462
fatigue_Meta              2050.0000                         0.9834                         0.5248                         0.9561                         0.9890                         1.0190                         1.2053   0.0552
ratio_time_total_5K       2050.0000                         0.1172                         0.0982                         0.1159                         0.1175                         0.1189                         0.1381   0.0029
ratio_time_total_10K      2050.0000                         0.1165                         0.0531                         0.1155                         0.1170                         0.1182                         0.1244   0.0030
ratio_time_total_15K      2050.0000                         0.1176                         0.1020                         0.1167                         0.1180                         0.1190                         0.1277   0.0024
ratio_time_total_20K      2050.0000                         0.1166                         0.1014                         0.1156                         0.1169                         0.1180                         0.1266   0.0023
ratio_time_total_Media    2050.0000                         0.0257                         0.0195                         0.0255                         0.0257                         0.0260                         0.0358   0.0006
ratio_time_total_25K      2050.0000                         0.0915                         0.0801                         0.0908                         0.0916                         0.0923                         0.1494   0.0022
ratio_time_total_30K      2050.0000                         0.1188                         0.1040                         0.1178                         0.1186                         0.1194                         0.1636   0.0024
ratio_time_total_35K      2050.0000                         0.1199                         0.0807                         0.1182                         0.1192                         0.1207                         0.1487   0.0033
ratio_time_total_40K      2050.0000                         0.1230                         0.1076                         0.1195                         0.1217                         0.1248                         0.1841   0.0059
ratio_time_total_Meta     2050.0000                         0.0534                         0.0428                         0.0513                         0.0529                         0.0548                         0.0963   0.0034
PCA1                      2050.0000                        -4.6101                        -7.9904                        -5.0248                        -4.3676                        -4.0070                        -3.6675   0.7640
PCA2                      2050.0000                         0.1216                        -0.5331                        -0.0949                         0.0757                         0.2615                         2.6880   0.3149
PCA3                      2050.0000                        -0.2297                        -0.9482                        -0.3056                        -0.2294                        -0.1582                         1.2911   0.1420
tiempo_total              2050.0000                     10207.1496                      7453.9380                      9873.5410                     10405.8465                     10685.1735                     10982.5900 613.0578
pace                      2050.0000                         2.0752                         1.9210                         1.9745                         2.0275                         2.1368                         2.8304   0.1378
delta_inicio_fin          2050.0000                        -0.1430                        -2.6354                        -0.2854                        -0.1066                         0.0497                         0.9220   0.3087
concavidad                2050.0000                         0.3028                        -0.9845                         0.2257                         0.3122                         0.3961                         1.3835   0.1543
TSNE1                     2050.0000                       -77.5974                       -99.7953                       -91.7457                       -76.8822                       -65.6737                       -48.3224  14.6400
TSNE2                     2050.0000                        41.6265                       -10.4318                        27.1115                        45.1359                        59.9199                        74.9592  22.1910


================================================================================
=== Estadísticas descriptivas: Top 200 ===
================================================================================

                             count                           mean                            min                            25%                            50%                            75%                            max      std
5K                        200.0000                      1031.9511                       882.0910                      1005.0127                      1040.1460                      1068.6062                      1134.1650  56.2590
10K                       200.0000                      1030.7035                       883.1430                      1008.9435                      1042.8085                      1067.8930                      1120.7080  55.2311
15K                       200.0000                      1037.9618                       890.8500                      1005.2682                      1051.4860                      1082.0925                      1127.0710  56.1318
20K                       200.0000                      1029.7245                       879.7970                      1010.9745                      1041.5995                      1067.6830                      1107.6910  54.0188
Media                     200.0000                       227.5806                       193.4920                       223.0457                       230.7190                       236.0520                       246.0160  12.2950
25K                       200.0000                       810.1863                       690.9990                       791.6377                       823.6395                       840.9467                       870.7490  43.0449
30K                       200.0000                      1049.4600                       882.8720                      1017.6985                      1062.1600                      1092.1775                      1175.8600  56.6703
35K                       200.0000                      1060.5264                       872.7270                      1028.6682                      1071.2285                      1098.9175                      1246.0810  62.9602
40K                       200.0000                      1084.4445                       873.2520                      1046.4985                      1090.5025                      1119.3987                      1317.9720  70.8505
Meta                      200.0000                       477.4957                       387.9230                       457.0153                       476.4805                       493.5457                       640.5080  37.8252
rawTime_5K                     200  2025-03-16 07:48:35.438060288  2025-03-16 07:45:59.223000064  2025-03-16 07:48:02.272249856  2025-03-16 07:48:43.661000192  2025-03-16 07:49:16.155000064  2025-03-16 07:50:38.545999872      NaN
rawTime_10K                    200  2025-03-16 08:05:46.141540096  2025-03-16 08:00:43.136999936  2025-03-16 08:04:33.630749952  2025-03-16 08:06:04.264499968  2025-03-16 08:06:56.549499904     2025-03-16 08:09:02.152000      NaN
rawTime_15K                    200  2025-03-16 08:23:04.103309824  2025-03-16 08:15:34.969999872  2025-03-16 08:21:17.149750016  2025-03-16 08:23:30.150000128  2025-03-16 08:25:00.177249792  2025-03-16 08:27:49.223000064      NaN
rawTime_20K                    200  2025-03-16 08:40:13.827785472     2025-03-16 08:30:15.800000  2025-03-16 08:38:13.589750016  2025-03-16 08:40:49.091500032  2025-03-16 08:42:48.552750080  2025-03-16 08:46:10.803000064      NaN
rawTime_Media                  200  2025-03-16 08:44:01.408359680  2025-03-16 08:33:30.820999936  2025-03-16 08:41:56.888999936  2025-03-16 08:44:37.819500032  2025-03-16 08:46:48.455000064  2025-03-16 08:50:10.982000128      NaN
rawTime_25K                    200  2025-03-16 08:57:31.594660352     2025-03-16 08:45:02.400000     2025-03-16 08:55:25.040000  2025-03-16 08:58:21.390000128  2025-03-16 09:00:51.822499840  2025-03-16 09:04:30.230000128      NaN
rawTime_30K                    200  2025-03-16 09:15:01.054660352     2025-03-16 08:59:45.640000  2025-03-16 09:12:56.969500160  2025-03-16 09:16:05.424999936     2025-03-16 09:19:14.040000  2025-03-16 09:23:07.649999872      NaN
rawTime_35K                    200  2025-03-16 09:32:41.581054976  2025-03-16 09:14:18.996999936  2025-03-16 09:29:49.071750144  2025-03-16 09:34:01.784999936  2025-03-16 09:37:39.334249984     2025-03-16 09:41:27.560000      NaN
rawTime_40K                    200  2025-03-16 09:50:46.025570304  2025-03-16 09:28:52.291000064     2025-03-16 09:47:34.876000  2025-03-16 09:52:47.433999872  2025-03-16 09:56:18.727749888  2025-03-16 09:59:44.337999872      NaN
rawTime_Meta                   200  2025-03-16 09:58:43.521285120  2025-03-16 09:35:29.209999872  2025-03-16 09:55:17.174000128  2025-03-16 10:00:45.111499776  2025-03-16 10:04:21.433249792  2025-03-16 10:07:40.840999936      NaN
gender                    200.0000                         0.0500                         0.0000                         0.0000                         0.0000                         0.0000                         1.0000   0.2185
age                       200.0000                        35.1566                        19.9206                        30.2136                        35.0144                        39.7645                        53.0376   7.2351
total_time_sec            200.0000                      8840.0343                      7453.9380                      8641.0015                      8962.0040                      9180.9652                      9357.8170 452.5312
pace_5K                   200.0000                         4.8605                         4.4085                         4.6790                         4.8070                         4.9751                         5.6683   0.2830
pace_10K                  200.0000                         4.8659                         4.4615                         4.6821                         4.7947                         4.9559                         5.6616   0.2794
pace_15K                  200.0000                         4.8321                         4.4363                         4.6207                         4.7552                         4.9738                         5.6126   0.2796
pace_20K                  200.0000                         4.8700                         4.5139                         4.6830                         4.8003                         4.9457                         5.6831   0.2747
pace_Media                200.0000                         4.4078                         4.0648                         4.2364                         4.3343                         4.4834                         5.1682   0.2562
pace_25K                  200.0000                         4.9521                         4.5937                         4.7565                         4.8565                         5.0528                         5.7887   0.2840
pace_30K                  200.0000                         4.7793                         4.2522                         4.5780                         4.7074                         4.9130                         5.6633   0.2798
pace_35K                  200.0000                         4.7322                         4.0126                         4.5499                         4.6675                         4.8607                         5.7292   0.2993
pace_40K                  200.0000                         4.6309                         3.7937                         4.4667                         4.5850                         4.7778                         5.7257   0.3128
pace_Meta                 200.0000                         4.6247                         3.4270                         4.4474                         4.6067                         4.8029                         5.6583   0.3555
inc_5K_10K                200.0000                        -1.2476                       -35.7730                        -8.7587                        -1.3345                         5.7188                        35.7070  11.1121
inc_10K_15K               200.0000                         7.2583                       -17.5770                         2.7185                         6.3750                        10.3943                        52.0960   8.7779
inc_15K_20K               200.0000                        -8.2373                       -56.2380                       -12.4875                        -7.2915                        -4.9905                        42.0760  11.1740
inc_20K_Media             200.0000                      -802.1439                      -865.7340                      -831.4405                      -810.8990                      -784.2370                      -677.6780  41.9716
inc_Media_25K             200.0000                       582.6057                       495.9930                       567.1397                       592.8185                       603.1172                       628.5680  31.1473
inc_25K_30K               200.0000                       239.2737                       190.8210                       228.6848                       239.8900                       251.8005                       319.4550  19.1321
inc_30K_35K               200.0000                        11.0664                       -46.7970                        -3.7548                         5.0640                        18.0740                       260.3510  28.3399
inc_35K_40K               200.0000                        23.9181                      -209.6220                         7.4317                        19.4495                        35.1363                       237.6590  39.7636
inc_40K_Meta              200.0000                      -606.9488                      -728.0670                      -631.0830                      -611.1510                      -586.0217                      -476.3330  41.0710
delta_pace_5K_pace_10K    200.0000                         0.0054                        -0.1802                        -0.0264                         0.0062                         0.0387                         0.1508   0.0507
delta_pace_10K_pace_15K   200.0000                        -0.0338                        -0.2338                        -0.0496                        -0.0287                        -0.0133                         0.0871   0.0403
delta_pace_15K_pace_20K   200.0000                         0.0378                        -0.1942                         0.0227                         0.0340                         0.0576                         0.2710   0.0524
delta_pace_20K_pace_Media 200.0000                        -0.4622                        -0.7691                        -0.4837                        -0.4587                        -0.4382                        -0.2852   0.0481
delta_pace_Media_pace_25K 200.0000                         0.5443                         0.2831                         0.5034                         0.5531                         0.5845                         0.6646   0.0599
delta_pace_25K_pace_30K   200.0000                        -0.1728                        -0.4786                        -0.2037                        -0.1614                        -0.1297                        -0.0298   0.0712
delta_pace_30K_pace_35K   200.0000                        -0.0471                        -1.0598                        -0.0822                        -0.0241                         0.0165                         0.2016   0.1202
delta_pace_35K_pace_40K   200.0000                        -0.1014                        -0.8346                        -0.1585                        -0.0828                        -0.0318                         0.8115   0.1590
delta_pace_40K_pace_Meta  200.0000                        -0.0062                        -0.4759                        -0.0689                         0.0190                         0.1025                         0.3584   0.1554
dist_acum_5K              200.0000                      5000.0000                      5000.0000                      5000.0000                      5000.0000                      5000.0000                      5000.0000   0.0000
dist_acum_10K             200.0000                     10000.0000                     10000.0000                     10000.0000                     10000.0000                     10000.0000                     10000.0000   0.0000
dist_acum_15K             200.0000                     15000.0000                     15000.0000                     15000.0000                     15000.0000                     15000.0000                     15000.0000   0.0000
dist_acum_20K             200.0000                     20000.0000                     20000.0000                     20000.0000                     20000.0000                     20000.0000                     20000.0000   0.0000
dist_acum_Media           200.0000                     21000.0000                     21000.0000                     21000.0000                     21000.0000                     21000.0000                     21000.0000   0.0000
dist_acum_25K             200.0000                     25000.0000                     25000.0000                     25000.0000                     25000.0000                     25000.0000                     25000.0000   0.0000
dist_acum_30K             200.0000                     30000.0000                     30000.0000                     30000.0000                     30000.0000                     30000.0000                     30000.0000   0.0000
dist_acum_35K             200.0000                     35000.0000                     35000.0000                     35000.0000                     35000.0000                     35000.0000                     35000.0000   0.0000
dist_acum_40K             200.0000                     40000.0000                     40000.0000                     40000.0000                     40000.0000                     40000.0000                     40000.0000   0.0000
dist_acum_Meta            200.0000                     42195.0000                     42195.0000                     42195.0000                     42195.0000                     42195.0000                     42195.0000   0.0000
time_acum_5K              200.0000                      1031.9511                       882.0910                      1005.0127                      1040.1460                      1068.6062                      1134.1650  56.2590
time_acum_10K             200.0000                      2062.6545                      1766.0870                      1997.2903                      2084.0855                      2132.0763                      2243.7210 110.9397
time_acum_15K             200.0000                      3100.6163                      2657.8380                      2997.4538                      3130.3995                      3212.0195                      3361.5940 166.5439
time_acum_20K             200.0000                      4130.3408                      3539.5170                      4014.3645                      4168.9640                      4285.4703                      4463.1740 219.6858
time_acum_Media           200.0000                      4357.9214                      3734.0190                      4237.6437                      4397.7115                      4524.9192                      4705.9790 231.6826
time_acum_25K             200.0000                      5168.1077                      4425.9750                      5045.2035                      5222.0525                      5366.1497                      5575.1240 273.3798
time_acum_30K             200.0000                      6217.5677                      5310.3680                      6097.0755                      6287.1080                      6451.1483                      6685.9940 326.3218
time_acum_35K             200.0000                      7278.0941                      6183.7250                      7112.2418                      7361.9635                      7572.8035                      7789.1140 378.6597
time_acum_40K             200.0000                      8362.5386                      7057.0190                      8177.6888                      8480.0055                      8697.1750                      8876.7090 430.0464
time_acum_Meta            200.0000                      8840.0343                      7453.9380                      8641.0015                      8962.0040                      9180.9652                      9357.8170 452.5312
pace_mean_5K              200.0000                         4.8605                         4.4085                         4.6790                         4.8070                         4.9751                         5.6683   0.2830
pace_std_5K               200.0000                         0.0000                         0.0000                         0.0000                         0.0000                         0.0000                         0.0000   0.0000
pace_cv_5K                200.0000                         0.0000                         0.0000                         0.0000                         0.0000                         0.0000                         0.0000   0.0000
pace_mean_10K             200.0000                         4.8632                         4.4574                         4.6904                         4.7983                         5.0070                         5.6622   0.2801
pace_std_10K              200.0000                         0.0195                         0.0000                         0.0066                         0.0158                         0.0266                         0.0901   0.0164
pace_cv_10K               200.0000                         0.0041                         0.0000                         0.0014                         0.0033                         0.0056                         0.0179   0.0034
pace_mean_15K             200.0000                         4.8529                         4.4623                         4.6706                         4.7922                         5.0044                         5.6438   0.2792
pace_std_15K              200.0000                         0.0272                         0.0024                         0.0147                         0.0221                         0.0366                         0.1246   0.0178
pace_cv_15K               200.0000                         0.0056                         0.0005                         0.0031                         0.0047                         0.0076                         0.0260   0.0037
pace_mean_20K             200.0000                         4.8571                         4.4814                         4.6674                         4.7974                         4.9825                         5.6506   0.2771
pace_std_20K              200.0000                         0.0316                         0.0046                         0.0184                         0.0253                         0.0401                         0.1133   0.0199
pace_cv_20K               200.0000                         0.0065                         0.0009                         0.0038                         0.0052                         0.0085                         0.0235   0.0041
pace_mean_Media           200.0000                         4.7673                         4.4085                         4.5723                         4.7128                         4.8804                         5.5495   0.2720
pace_std_Media            200.0000                         0.1828                         0.1230                         0.1704                         0.1810                         0.1928                         0.3004   0.0237
pace_cv_Media             200.0000                         0.0384                         0.0271                         0.0356                         0.0376                         0.0406                         0.0559   0.0045
pace_mean_25K             200.0000                         4.7981                         4.4408                         4.6112                         4.7332                         4.8919                         5.5894   0.2728
pace_std_25K              200.0000                         0.1827                         0.1329                         0.1704                         0.1823                         0.1925                         0.2820   0.0186
pace_cv_25K               200.0000                         0.0381                         0.0291                         0.0357                         0.0377                         0.0398                         0.0515   0.0033
pace_mean_30K             200.0000                         4.7954                         4.4494                         4.6107                         4.7231                         4.8758                         5.5994   0.2715
pace_std_30K              200.0000                         0.1723                         0.1232                         0.1608                         0.1709                         0.1821                         0.3392   0.0220
pace_cv_30K               200.0000                         0.0359                         0.0269                         0.0336                         0.0353                         0.0375                         0.0630   0.0040
pace_mean_35K             200.0000                         4.7875                         4.4598                         4.5964                         4.7161                         4.8793                         5.6151   0.2696
pace_std_35K              200.0000                         0.1695                         0.1162                         0.1539                         0.1645                         0.1767                         0.4153   0.0331
pace_cv_35K               200.0000                         0.0354                         0.0254                         0.0320                         0.0341                         0.0370                         0.0786   0.0064
pace_mean_40K             200.0000                         4.7701                         4.4794                         4.5738                         4.6904                         4.8685                         5.6243   0.2659
pace_std_40K              200.0000                         0.1768                         0.1096                         0.1497                         0.1631                         0.1829                         0.4907   0.0498
pace_cv_40K               200.0000                         0.0371                         0.0239                         0.0312                         0.0340                         0.0388                         0.0948   0.0100
pace_mean_Meta            200.0000                         4.7556                         4.4767                         4.5653                         4.6833                         4.8518                         5.6149   0.2622
pace_std_Meta             200.0000                         0.1866                         0.1043                         0.1476                         0.1611                         0.1935                         0.5353   0.0703
pace_cv_Meta              200.0000                         0.0392                         0.0228                         0.0310                         0.0340                         0.0402                         0.1149   0.0146
fatigue_5K                200.0000                         1.0000                         1.0000                         1.0000                         1.0000                         1.0000                         1.0000   0.0000
fatigue_10K               200.0000                         1.0006                         0.9821                         0.9972                         1.0007                         1.0042                         1.0164   0.0053
fatigue_15K               200.0000                         0.9957                         0.9638                         0.9926                         0.9968                         0.9997                         1.0130   0.0060
fatigue_20K               200.0000                         1.0027                         0.9712                         0.9996                         1.0037                         1.0059                         1.0344   0.0083
fatigue_Media             200.0000                         0.9246                         0.8911                         0.9199                         0.9257                         0.9305                         0.9535   0.0091
fatigue_25K               200.0000                         1.0321                         0.9731                         1.0293                         1.0356                         1.0388                         1.0495   0.0116
fatigue_30K               200.0000                         0.9967                         0.9014                         0.9904                         1.0005                         1.0085                         1.0226   0.0175
fatigue_35K               200.0000                         0.9885                         0.8233                         0.9762                         0.9962                         1.0079                         1.0442   0.0299
fatigue_40K               200.0000                         0.9710                         0.8033                         0.9556                         0.9786                         0.9956                         1.0605   0.0407
fatigue_Meta              200.0000                         0.9726                         0.7461                         0.9569                         0.9824                         1.0045                         1.0660   0.0546
ratio_time_total_5K       200.0000                         0.1167                         0.1065                         0.1155                         0.1172                         0.1184                         0.1220   0.0024
ratio_time_total_10K      200.0000                         0.1166                         0.1067                         0.1155                         0.1171                         0.1181                         0.1211   0.0023
ratio_time_total_15K      200.0000                         0.1174                         0.1077                         0.1166                         0.1179                         0.1189                         0.1213   0.0022
ratio_time_total_20K      200.0000                         0.1165                         0.1065                         0.1155                         0.1168                         0.1179                         0.1198   0.0019
ratio_time_total_Media    200.0000                         0.0257                         0.0244                         0.0255                         0.0258                         0.0260                         0.0266   0.0004
ratio_time_total_25K      200.0000                         0.0916                         0.0865                         0.0910                         0.0918                         0.0925                         0.0951   0.0013
ratio_time_total_30K      200.0000                         0.1187                         0.1134                         0.1179                         0.1188                         0.1195                         0.1258   0.0016
ratio_time_total_35K      200.0000                         0.1200                         0.1154                         0.1182                         0.1193                         0.1209                         0.1434   0.0031
ratio_time_total_40K      200.0000                         0.1227                         0.1130                         0.1196                         0.1217                         0.1245                         0.1442   0.0048
ratio_time_total_Meta     200.0000                         0.0540                         0.0490                         0.0521                         0.0533                         0.0547                         0.0701   0.0033
PCA1                      200.0000                        -6.3077                        -7.9904                        -6.5722                        -6.1470                        -5.8762                        -5.6422   0.5622
PCA2                      200.0000                         0.3663                        -0.1004                         0.2086                         0.3109                         0.4761                         1.3259   0.2428
PCA3                      200.0000                        -0.3651                        -0.6142                        -0.4396                        -0.3844                        -0.3186                         0.1134   0.1140
tiempo_total              200.0000                      8840.0343                      7453.9380                      8641.0015                      8962.0040                      9180.9652                      9357.8170 452.5312
pace                      200.0000                         2.3933                         2.2545                         2.2980                         2.3541                         2.4416                         2.8304   0.1323
delta_inicio_fin          200.0000                        -0.2358                        -1.5647                        -0.3760                        -0.1652                        -0.0301                         0.3648   0.3383
concavidad                200.0000                         0.3348                        -0.2525                         0.2712                         0.3626                         0.4477                         0.6296   0.1602
TSNE1                     200.0000                       -96.3428                       -99.7880                       -97.3402                       -96.7498                       -95.9106                       -90.4500   1.7901
TSNE2                     200.0000                        -0.9990                       -10.4318                        -5.8961                        -1.0980                         4.6784                        10.2307   5.7528


