=== TABLA COMPARATIVA XGBoost ===

               split  total_atletas  n_imputados  n_no_imputados  error_mayor_10%  error_menor_igual_10%  prop_mayor_10%  prop_menor_igual_10%  error_mayor_25%  error_menor_igual_25%  prop_mayor_25%  prop_menor_igual_25%  error_mayor_50%  error_menor_igual_50%  prop_mayor_50%  prop_menor_igual_50%  error_mayor_100%  error_menor_igual_100%  prop_mayor_100%  prop_menor_igual_100%
No Selected 0     5K          18603         3709           14894               19                   3690        0.102134             19.835510                3                   3690        0.016126             19.835510                1                   3690        0.005375             19.835510                 0                    3690         0.000000              19.835510
            1    10K          18603         3709           14894               27                   3682        0.145138             19.792507                3                   3682        0.016126             19.792507                1                   3682        0.005375             19.792507                 0                    3682         0.000000              19.792507
            2    15K          18603         3709           14894               17                   3692        0.091383             19.846261                0                   3692        0.000000             19.846261                0                   3692        0.000000             19.846261                 0                    3692         0.000000              19.846261
            3    20K          18603         3709           14894               24                   3685        0.129011             19.808633                2                   3685        0.010751             19.808633                1                   3685        0.005375             19.808633                 1                    3685         0.005375              19.808633
            4  Media          18603         3709           14894              180                   3529        0.967586             18.970059               32                   3529        0.172015             18.970059                3                   3529        0.016126             18.970059                 0                    3529         0.000000              18.970059
            5    25K          18603         3709           14894               55                   3654        0.295651             19.641993                3                   3654        0.016126             19.641993                0                   3654        0.000000             19.641993                 0                    3654         0.000000              19.641993
            6    30K          18603         3709           14894              125                   3584        0.671935             19.265710                9                   3584        0.048379             19.265710                2                   3584        0.010751             19.265710                 1                    3584         0.005375              19.265710
            7    35K          18603         3709           14894              166                   3543        0.892329             19.045315               14                   3543        0.075257             19.045315                3                   3543        0.016126             19.045315                 1                    3543         0.005375              19.045315
            8    40K          18603         3709           14894              237                   3472        1.273988             18.663656               15                   3472        0.080632             18.663656                0                   3472        0.000000             18.663656                 0                    3472         0.000000              18.663656
            9   Meta          18603         3709           14894              435                   3274        2.338333             17.599312               51                   3274        0.274149             17.599312                5                   3274        0.026877             17.599312                 0                    3274         0.000000              17.599312
Selected    0     5K           2050          414            1636                1                    413        0.048780             20.146341                0                    413        0.000000             20.146341                0                    413        0.000000             20.146341                 0                     413         0.000000              20.146341
            1    10K           2050          414            1636                1                    413        0.048780             20.146341                0                    413        0.000000             20.146341                0                    413        0.000000             20.146341                 0                     413         0.000000              20.146341
            2    15K           2050          414            1636                1                    413        0.048780             20.146341                0                    413        0.000000             20.146341                0                    413        0.000000             20.146341                 0                     413         0.000000              20.146341
            3    20K           2050          414            1636                1                    413        0.048780             20.146341                0                    413        0.000000             20.146341                0                    413        0.000000             20.146341                 0                     413         0.000000              20.146341
            4  Media           2050          414            1636                2                    412        0.097561             20.097561                1                    412        0.048780             20.097561                0                    412        0.000000             20.097561                 0                     412         0.000000              20.097561
            5    25K           2050          414            1636                1                    413        0.048780             20.146341                0                    413        0.000000             20.146341                0                    413        0.000000             20.146341                 0                     413         0.000000              20.146341
            6    30K           2050          414            1636                1                    413        0.048780             20.146341                0                    413        0.000000             20.146341                0                    413        0.000000             20.146341                 0                     413         0.000000              20.146341
            7    35K           2050          414            1636                1                    413        0.048780             20.146341                0                    413        0.000000             20.146341                0                    413        0.000000             20.146341                 0                     413         0.000000              20.146341
            8    40K           2050          414            1636                3                    411        0.146341             20.048780                0                    411        0.000000             20.048780                0                    411        0.000000             20.048780                 0                     411         0.000000              20.048780
            9   Meta           2050          414            1636               15                    399        0.731707             19.463415                0                    399        0.000000             19.463415                0                    399        0.000000             19.463415                 0                     399         0.000000              19.463415
Top200      0     5K            200           37             163                1                     36        0.500000             18.000000                0                     36        0.000000             18.000000                0                     36        0.000000             18.000000                 0                      36         0.000000              18.000000
            1    10K            200           37             163                1                     36        0.500000             18.000000                0                     36        0.000000             18.000000                0                     36        0.000000             18.000000                 0                      36         0.000000              18.000000
            2    15K            200           37             163                1                     36        0.500000             18.000000                0                     36        0.000000             18.000000                0                     36        0.000000             18.000000                 0                      36         0.000000              18.000000
            3    20K            200           37             163                1                     36        0.500000             18.000000                0                     36        0.000000             18.000000                0                     36        0.000000             18.000000                 0                      36         0.000000              18.000000
            4  Media            200           37             163                1                     36        0.500000             18.000000                0                     36        0.000000             18.000000                0                     36        0.000000             18.000000                 0                      36         0.000000              18.000000
            5    25K            200           37             163                0                     37        0.000000             18.500000                0                     37        0.000000             18.500000                0                     37        0.000000             18.500000                 0                      37         0.000000              18.500000
            6    30K            200           37             163                1                     36        0.500000             18.000000                0                     36        0.000000             18.000000                0                     36        0.000000             18.000000                 0                      36         0.000000              18.000000
            7    35K            200           37             163                1                     36        0.500000             18.000000                0                     36        0.000000             18.000000                0                     36        0.000000             18.000000                 0                      36         0.000000              18.000000
            8    40K            200           37             163                1                     36        0.500000             18.000000                0                     36        0.000000             18.000000                0                     36        0.000000             18.000000                 0                      36         0.000000              18.000000
            9   Meta            200           37             163                3                     34        1.500000             17.000000                0                     34        0.000000             17.000000                0                     34        0.000000             17.000000                 0                      34         0.000000              17.000000