=== TABLA COMPARATIVA LIGHTGBM ===

               split  total_atletas  n_imputados  n_no_imputados  error_mayor_10%  error_menor_igual_10%  prop_mayor_10%  prop_menor_igual_10%  error_mayor_25%  error_menor_igual_25%  prop_mayor_25%  prop_menor_igual_25%  error_mayor_50%  error_menor_igual_50%  prop_mayor_50%  prop_menor_igual_50%  error_mayor_100%  error_menor_igual_100%  prop_mayor_100%  prop_menor_igual_100%
No Selected 0     5K          18603         3709           14894               18                   3691        0.096759             19.840886                3                   3691        0.016126             19.840886                1                   3691        0.005375             19.840886                 0                    3691         0.000000              19.840886
            1    10K          18603         3709           14894               32                   3677        0.172015             19.765629                1                   3677        0.005375             19.765629                0                   3677        0.000000             19.765629                 0                    3677         0.000000              19.765629
            2    15K          18603         3709           14894               20                   3689        0.107510             19.830135                0                   3689        0.000000             19.830135                0                   3689        0.000000             19.830135                 0                    3689         0.000000              19.830135
            3    20K          18603         3709           14894               28                   3681        0.150513             19.787131                2                   3681        0.010751             19.787131                1                   3681        0.005375             19.787131                 1                    3681         0.005375              19.787131
            4  Media          18603         3709           14894              170                   3539        0.913831             19.023813               30                   3539        0.161264             19.023813                3                   3539        0.016126             19.023813                 0                    3539         0.000000              19.023813
            5    25K          18603         3709           14894               58                   3651        0.311778             19.625867                3                   3651        0.016126             19.625867                0                   3651        0.000000             19.625867                 0                    3651         0.000000              19.625867
            6    30K          18603         3709           14894              125                   3584        0.671935             19.265710               12                   3584        0.064506             19.265710                0                   3584        0.000000             19.265710                 0                    3584         0.000000              19.265710
            7    35K          18603         3709           14894              159                   3550        0.854701             19.082944               11                   3550        0.059130             19.082944                2                   3550        0.010751             19.082944                 1                    3550         0.005375              19.082944
            8    40K          18603         3709           14894              239                   3470        1.284739             18.652905               13                   3470        0.069881             18.652905                0                   3470        0.000000             18.652905                 0                    3470         0.000000              18.652905
            9   Meta          18603         3709           14894              441                   3268        2.370585             17.567059               44                   3268        0.236521             17.567059                2                   3268        0.010751             17.567059                 0                    3268         0.000000              17.567059
Selected    0     5K           2050          414            1636                1                    413        0.048780             20.146341                0                    413        0.000000             20.146341                0                    413        0.000000             20.146341                 0                     413         0.000000              20.146341
            1    10K           2050          414            1636                1                    413        0.048780             20.146341                0                    413        0.000000             20.146341                0                    413        0.000000             20.146341                 0                     413         0.000000              20.146341
            2    15K           2050          414            1636                1                    413        0.048780             20.146341                0                    413        0.000000             20.146341                0                    413        0.000000             20.146341                 0                     413         0.000000              20.146341
            3    20K           2050          414            1636                1                    413        0.048780             20.146341                0                    413        0.000000             20.146341                0                    413        0.000000             20.146341                 0                     413         0.000000              20.146341
            4  Media           2050          414            1636                4                    410        0.195122             20.000000                1                    410        0.048780             20.000000                0                    410        0.000000             20.000000                 0                     410         0.000000              20.000000
            5    25K           2050          414            1636                1                    413        0.048780             20.146341                0                    413        0.000000             20.146341                0                    413        0.000000             20.146341                 0                     413         0.000000              20.146341
            6    30K           2050          414            1636                4                    410        0.195122             20.000000                0                    410        0.000000             20.000000                0                    410        0.000000             20.000000                 0                     410         0.000000              20.000000
            7    35K           2050          414            1636                0                    414        0.000000             20.195122                0                    414        0.000000             20.195122                0                    414        0.000000             20.195122                 0                     414         0.000000              20.195122
            8    40K           2050          414            1636                3                    411        0.146341             20.048780                0                    411        0.000000             20.048780                0                    411        0.000000             20.048780                 0                     411         0.000000              20.048780
            9   Meta           2050          414            1636               26                    388        1.268293             18.926829                3                    388        0.146341             18.926829                0                    388        0.000000             18.926829                 0                     388         0.000000              18.926829
Top200      0     5K            200           37             163                1                     36        0.500000             18.000000                0                     36        0.000000             18.000000                0                     36        0.000000             18.000000                 0                      36         0.000000              18.000000
            1    10K            200           37             163                1                     36        0.500000             18.000000                0                     36        0.000000             18.000000                0                     36        0.000000             18.000000                 0                      36         0.000000              18.000000
            2    15K            200           37             163                1                     36        0.500000             18.000000                0                     36        0.000000             18.000000                0                     36        0.000000             18.000000                 0                      36         0.000000              18.000000
            3    20K            200           37             163                1                     36        0.500000             18.000000                0                     36        0.000000             18.000000                0                     36        0.000000             18.000000                 0                      36         0.000000              18.000000
            4  Media            200           37             163                3                     34        1.500000             17.000000                0                     34        0.000000             17.000000                0                     34        0.000000             17.000000                 0                      34         0.000000              17.000000
            5    25K            200           37             163                0                     37        0.000000             18.500000                0                     37        0.000000             18.500000                0                     37        0.000000             18.500000                 0                      37         0.000000              18.500000
            6    30K            200           37             163                2                     35        1.000000             17.500000                0                     35        0.000000             17.500000                0                     35        0.000000             17.500000                 0                      35         0.000000              17.500000
            7    35K            200           37             163                0                     37        0.000000             18.500000                0                     37        0.000000             18.500000                0                     37        0.000000             18.500000                 0                      37         0.000000              18.500000
            8    40K            200           37             163                1                     36        0.500000             18.000000                0                     36        0.000000             18.000000                0                     36        0.000000             18.000000                 0                      36         0.000000              18.000000
            9   Meta            200           37             163                7                     30        3.500000             15.000000                1                     30        0.500000             15.000000                0                     30        0.000000             15.000000                 0                      30         0.000000              15.000000